(1,235) (16,245) 18.0278
(1,235) (18,250) 22.6716
(1,235) (16,276) 43.6578
(1,235) (4,188) 47.0956
(2,300) (16,276) 27.7849
(2,300) (47,292) 45.7056
(2,300) (53,299) 51.0098
(2,300) (18,250) 52.4976
(3,5) (51,35) 56.6039
(3,5) (57,29) 59.0931
(3,5) (53,46) 64.6607
(3,5) (81,21) 79.6241
(4,188) (15,145) 44.3847
(4,188) (56,178) 52.9528
(4,188) (16,245) 58.2495
(4,188) (18,250) 63.5610
(15,145) (49,111) 48.0833
(15,145) (51,107) 52.3450
(15,145) (56,178) 52.6308
(15,145) (59,96) 65.8559
(16,276) (18,250) 26.0768
(16,276) (16,245) 31.0000
(16,276) (47,292) 34.8855
(16,276) (53,299) 43.5660
(16,245) (18,250) 5.3852
(16,245) (47,292) 56.3028
(16,245) (2,300) 56.7539
(16,245) (68,277) 61.0574
(18,250) (47,292) 51.0392
(18,250) (68,277) 56.8243
(18,250) (53,299) 60.2163
(18,250) (57,297) 61.0737
(43,78) (56,89) 17.0294
(43,78) (59,96) 24.0832
(43,78) (51,107) 30.0832
(43,78) (73,82) 30.2655
(47,292) (53,299) 9.2195
(47,292) (57,297) 11.1803
(47,292) (68,277) 25.8070
(47,292) (83,251) 54.5619
(49,111) (51,107) 4.4721
(49,111) (59,96) 18.0278
(49,111) (56,89) 23.0868
(49,111) (79,124) 32.6956
(51,35) (57,29) 8.4853
(51,35) (53,46) 11.1803
(51,35) (76,53) 30.8058
(51,35) (81,21) 33.1059
(51,107) (59,96) 13.6015
(51,107) (56,89) 18.6815
(51,107) (79,124) 32.7567
(51,107) (73,82) 33.3017
(53,46) (57,29) 17.4642
(53,46) (76,53) 24.0416
(53,46) (43,78) 33.5261
(53,46) (81,21) 37.5366
(53,299) (57,297) 4.4721
(53,299) (68,277) 26.6271
(53,299) (103,276) 55.0364
(53,299) (83,251) 56.6039
(56,89) (59,96) 7.6158
(56,89) (73,82) 18.3848
(56,89) (76,53) 41.1825
(56,89) (79,124) 41.8808
(56,178) (88,185) 32.7567
(56,178) (94,167) 39.5601
(56,178) (79,124) 58.6941
(56,178) (49,111) 67.3647
(57,29) (81,21) 25.2982
(57,29) (76,53) 30.6105
(57,29) (89,22) 32.7567
(57,29) (101,23) 44.4072
(57,297) (68,277) 22.8254
(57,297) (16,276) 46.0652
(57,297) (103,276) 50.5668
(57,297) (83,251) 52.8394
(59,96) (73,82) 19.7990
(59,96) (79,124) 34.4093
(59,96) (98,102) 39.4588
(59,96) (99,82) 42.3792
(68,277) (83,251) 30.0167
(68,277) (103,276) 35.0143
(68,277) (116,281) 48.1664
(68,277) (16,276) 52.0096
(73,82) (99,82) 26.0000
(73,82) (76,53) 29.1548
(73,82) (98,102) 32.0156
(73,82) (49,111) 37.6431
(76,53) (81,21) 32.3883
(76,53) (89,22) 33.6155
(76,53) (99,82) 37.0135
(76,53) (101,23) 39.0512
(79,124) (98,102) 29.0689
(79,124) (73,82) 42.4264
(79,124) (94,167) 45.5412
(79,124) (99,82) 46.5188
(81,21) (89,22) 8.0623
(81,21) (101,23) 20.0998
(81,21) (106,11) 26.9258
(81,21) (118,17) 37.2156
(83,251) (103,276) 32.0156
(83,251) (123,239) 41.7612
(83,251) (116,281) 44.5982
(83,251) (18,250) 65.0077
(88,185) (94,167) 18.9737
(88,185) (127,175) 40.2616
(88,185) (139,174) 52.1728
(88,185) (133,143) 61.5549
(89,22) (101,23) 12.0416
(89,22) (106,11) 20.2485
(89,22) (118,17) 29.4279
(89,22) (51,35) 40.1622
(94,167) (127,175) 33.9559
(94,167) (139,174) 45.5412
(94,167) (133,143) 45.7930
(94,167) (136,145) 47.4131
(98,102) (99,82) 20.0250
(98,102) (134,112) 37.3631
(98,102) (56,89) 43.9659
(98,102) (51,107) 47.2652
(99,82) (124,55) 36.7967
(99,82) (56,89) 43.5660
(99,82) (134,112) 46.0977
(99,82) (51,107) 54.1202
(101,23) (106,11) 13.0000
(101,23) (118,17) 18.0278
(101,23) (135,12) 35.7351
(101,23) (124,55) 39.4081
(103,276) (116,281) 13.9284
(103,276) (123,239) 42.0595
(103,276) (47,292) 58.2409
(103,276) (165,247) 68.4471
(106,11) (118,17) 13.4164
(106,11) (135,12) 29.0172
(106,11) (143,20) 38.0789
(106,11) (146,28) 43.4626
(116,281) (123,239) 42.5793
(116,281) (165,247) 59.6406
(116,281) (57,297) 61.1310
(116,281) (178,276) 62.2013
(118,17) (135,12) 17.7200
(118,17) (143,20) 25.1794
(118,17) (146,28) 30.0832
(118,17) (124,55) 38.4708
(123,239) (163,238) 40.0125
(123,239) (165,247) 42.7551
(123,239) (164,214) 48.0208
(123,239) (168,210) 53.5350
(124,55) (150,43) 28.6356
(124,55) (146,28) 34.8281
(124,55) (143,20) 39.8246
(124,55) (135,12) 44.3847
(127,175) (139,174) 12.0416
(127,175) (153,183) 27.2029
(127,175) (139,148) 29.5466
(127,175) (136,145) 31.3209
(133,143) (136,145) 3.6056
(133,143) (139,148) 7.8102
(133,143) (146,126) 21.4009
(133,143) (134,112) 31.0161
(134,112) (146,126) 18.4391
(134,112) (155,96) 26.4008
(134,112) (136,145) 33.0606
(134,112) (139,148) 36.3456
(135,12) (143,20) 11.3137
(135,12) (146,28) 19.4165
(135,12) (150,43) 34.4384
(135,12) (89,22) 47.0744
(136,145) (139,148) 4.2426
(136,145) (146,126) 21.4709
(136,145) (139,174) 29.1548
(136,145) (176,144) 40.0125
(139,174) (153,183) 16.6433
(139,174) (162,184) 25.0799
(139,174) (139,148) 26.0000
(139,174) (133,143) 31.5753
(139,148) (146,126) 23.0868
(139,148) (176,144) 37.2156
(139,148) (153,183) 37.6962
(139,148) (176,137) 38.6005
(143,20) (146,28) 8.5440
(143,20) (150,43) 24.0416
(143,20) (101,23) 42.1070
(143,20) (194,19) 51.0098
(146,28) (150,43) 15.5242
(146,28) (101,23) 45.2769
(146,28) (193,41) 48.7647
(146,28) (194,19) 48.8365
(146,126) (155,96) 31.3209
(146,126) (176,137) 31.9531
(146,126) (176,144) 34.9857
(146,126) (186,130) 40.1995
(150,43) (118,17) 41.2311
(150,43) (193,41) 43.0465
(150,43) (194,19) 50.1199
(150,43) (101,23) 52.9245
(153,183) (162,184) 9.0554
(153,183) (165,202) 22.4722
(153,183) (172,202) 26.8701
(153,183) (168,210) 30.8869
(155,96) (186,130) 46.0109
(155,96) (176,137) 46.0652
(155,96) (124,55) 51.4004
(155,96) (133,143) 51.8941
(162,184) (165,202) 18.2483
(162,184) (172,202) 20.5913
(162,184) (184,179) 22.5610
(162,184) (168,210) 26.6833
(163,238) (165,247) 9.2195
(163,238) (164,214) 24.0208
(163,238) (173,212) 27.8568
(163,238) (168,210) 28.4429
(164,214) (168,210) 5.6569
(164,214) (173,212) 9.2195
(164,214) (165,202) 12.0416
(164,214) (172,202) 14.4222
(165,202) (172,202) 7.0000
(165,202) (168,210) 8.5440
(165,202) (173,212) 12.8062
(165,202) (184,179) 29.8329
(165,247) (178,276) 31.7805
(165,247) (164,214) 33.0151
(165,247) (173,212) 35.9026
(165,247) (168,210) 37.1214
(168,210) (173,212) 5.3852
(168,210) (172,202) 8.9443
(168,210) (184,179) 34.8855
(168,210) (139,174) 46.2277
(172,202) (173,212) 10.0499
(172,202) (184,179) 25.9422
(172,202) (163,238) 37.1080
(172,202) (192,168) 39.4462
(173,212) (162,184) 30.0832
(173,212) (184,179) 34.7851
(173,212) (153,183) 35.2278
(173,212) (192,168) 47.9270
(176,144) (176,137) 7.0000
(176,144) (181,149) 7.0711
(176,144) (177,158) 14.0357
(176,144) (186,130) 17.2047
(176,137) (186,130) 12.2066
(176,137) (181,149) 13.0000
(176,137) (177,158) 21.0238
(176,137) (192,168) 34.8855
(177,158) (181,149) 9.8489
(177,158) (192,168) 18.0278
(177,158) (184,179) 22.1359
(177,158) (186,130) 29.4109
(178,276) (186,300) 25.2982
(178,276) (200,263) 25.5539
(178,276) (207,258) 34.1321
(178,276) (163,238) 40.8534
(181,149) (186,130) 19.6469
(181,149) (192,168) 21.9545
(181,149) (184,179) 30.1496
(181,149) (162,184) 39.8246
(184,179) (192,168) 13.6015
(184,179) (153,183) 31.2570
(184,179) (176,144) 35.9026
(184,179) (164,214) 40.3113
(186,300) (200,263) 39.5601
(186,300) (224,282) 42.0476
(186,300) (207,258) 46.9574
(186,300) (165,247) 57.0088
(186,130) (223,121) 38.0789
(186,130) (192,168) 38.4708
(186,130) (221,156) 43.6005
(186,130) (184,179) 49.0408
(192,168) (176,144) 28.8444
(192,168) (221,156) 31.3847
(192,168) (162,184) 34.0000
(192,168) (153,183) 41.7852
(193,41) (194,19) 22.0227
(193,41) (198,13) 28.4429
(193,41) (216,22) 29.8329
(193,41) (223,28) 32.6956
(194,19) (198,13) 7.2111
(194,19) (216,22) 22.2036
(194,19) (223,28) 30.3645
(194,19) (135,12) 59.4138
(198,13) (216,22) 20.1246
(198,13) (223,28) 29.1548
(198,13) (146,28) 54.1202
(198,13) (143,20) 55.4437
(200,263) (207,258) 8.6023
(200,263) (217,248) 22.6716
(200,263) (224,282) 30.6105
(200,263) (234,266) 34.1321
(207,258) (217,248) 14.1421
(207,258) (234,266) 28.1603
(207,258) (224,282) 29.4109
(207,258) (247,260) 40.0500
(216,22) (223,28) 9.2195
(216,22) (276,3) 62.9365
(216,22) (257,74) 66.2193
(216,22) (150,43) 69.2604
(217,248) (234,266) 24.7588
(217,248) (247,260) 32.3110
(217,248) (224,282) 34.7131
(217,248) (254,267) 41.5933
(221,156) (241,164) 21.5407
(221,156) (223,121) 35.0571
(221,156) (257,166) 37.3631
(221,156) (181,149) 40.6079
(223,28) (257,74) 57.2014
(223,28) (276,3) 58.6003
(223,28) (248,92) 68.7095
(223,28) (286,62) 71.5891
(223,121) (248,92) 38.2884
(223,121) (241,164) 46.6154
(223,121) (176,137) 49.6488
(223,121) (181,149) 50.4777
(224,282) (234,266) 18.8680
(224,282) (247,260) 31.8277
(224,282) (254,267) 33.5410
(224,282) (178,276) 46.3897
(234,266) (247,260) 14.3178
(234,266) (254,267) 20.0250
(234,266) (259,242) 34.6554
(234,266) (259,242) 34.6554
(241,164) (257,166) 16.1245
(241,164) (266,172) 26.2488
(241,164) (256,188) 28.3019
(241,164) (242,213) 49.0102
(242,213) (256,188) 28.6531
(242,213) (259,242) 33.6155
(242,213) (259,242) 33.6155
(242,213) (264,246) 39.6611
(247,260) (254,267) 9.8995
(247,260) (259,242) 21.6333
(247,260) (259,242) 21.6333
(247,260) (264,246) 22.0227
(248,92) (257,74) 20.1246
(248,92) (283,110) 39.3573
(248,92) (286,62) 48.4149
(248,92) (221,156) 69.4622
(254,267) (264,246) 23.2594
(254,267) (259,242) 25.4951
(254,267) (259,242) 25.4951
(254,267) (285,283) 34.8855
(256,188) (266,172) 18.8680
(256,188) (257,166) 22.0227
(256,188) (294,170) 42.0476
(256,188) (221,156) 47.4236
(257,166) (266,172) 10.8167
(257,166) (294,170) 37.2156
(257,166) (242,213) 49.3356
(257,166) (223,121) 56.4004
(257,74) (286,62) 31.3847
(257,74) (283,110) 44.4072
(257,74) (223,121) 58.0086
(257,74) (193,41) 72.0069
(259,242) (259,242) 0.0000
(259,242) (264,246) 6.4031
(259,242) (286,226) 31.3847
(259,242) (217,248) 42.4264
(259,242) (264,246) 6.4031
(259,242) (286,226) 31.3847
(259,242) (217,248) 42.4264
(259,242) (296,269) 45.8039
(264,246) (286,226) 29.7321
(264,246) (234,266) 36.0555
(264,246) (296,269) 39.4081
(264,246) (300,268) 42.1900
(266,172) (294,170) 28.0713
(266,172) (242,213) 47.5079
(266,172) (221,156) 47.7598
(266,172) (286,226) 57.5847
(276,3) (286,62) 59.8415
(276,3) (257,74) 73.4983
(276,3) (198,13) 78.6384
(276,3) (194,19) 83.5464
(283,110) (286,62) 48.0937
(283,110) (294,170) 61.0000
(283,110) (223,121) 61.0000
(283,110) (257,166) 61.7414
(285,283) (296,269) 17.8045
(285,283) (300,268) 21.2132
(285,283) (264,246) 42.5441
(285,283) (247,260) 44.4185
(286,226) (296,269) 44.1475
(286,226) (300,268) 44.2719
(286,226) (242,213) 45.8803
(286,226) (256,188) 48.4149
(286,62) (216,22) 80.6226
(286,62) (223,121) 86.3134
(286,62) (193,41) 95.3415
(286,62) (198,13) 100.7224
(294,170) (241,164) 53.3385
(294,170) (286,226) 56.5685
(294,170) (242,213) 67.4759
(294,170) (221,156) 74.3303
(296,269) (300,268) 4.1231
(296,269) (254,267) 42.0476
(296,269) (259,242) 45.8039
(296,269) (247,260) 49.8197
(300,268) (254,267) 46.0109
(300,268) (259,242) 48.5489
(300,268) (259,242) 48.5489
(300,268) (247,260) 53.6004
