(3,17) (9,25) 10.0000
(3,17) (5,4) 13.1529
(3,17) (5,0) 17.1172
(3,17) (20,24) 18.3848
(5,0) (5,4) 4.0000
(5,0) (20,7) 16.5529
(5,0) (23,8) 19.6977
(5,0) (28,0) 23.0000
(5,4) (20,7) 15.2971
(5,4) (23,8) 18.4391
(5,4) (9,25) 21.3776
(5,4) (28,0) 23.3452
(9,25) (18,28) 9.4868
(9,25) (20,24) 11.0454
(9,25) (24,27) 15.1327
(9,25) (20,7) 21.0950
(18,28) (20,24) 4.4721
(18,28) (24,27) 6.0828
(18,28) (3,17) 18.6011
(18,28) (23,8) 20.6155
(20,24) (24,27) 5.0000
(20,24) (23,8) 16.2788
(20,24) (20,7) 17.0000
(20,24) (5,4) 25.0000
(20,7) (23,8) 3.1623
(20,7) (28,0) 10.6301
(20,7) (3,17) 19.7231
(20,7) (24,27) 20.3961
(23,8) (28,0) 9.4340
(23,8) (24,27) 19.0263
(23,8) (3,17) 21.9317
(23,8) (9,25) 22.0227
(24,27) (3,17) 23.2594
(24,27) (28,0) 27.2947
(24,27) (5,4) 29.8329
(24,27) (5,0) 33.0151
(28,0) (20,24) 25.2982
(28,0) (18,28) 29.7321
(28,0) (3,17) 30.2324
(28,0) (9,25) 31.4006
